target_lat = 51.279385
target_lon = -0.765687
target_heading = 251.5
